LLN 43 70 45 78 41
POIEIO 77 66 51 88 81
RRUKV 38 34 27 43 54
WTKP 85 76 54 80 45
MKUTNIA 63 56 37 83 85
KJUEFU 26 42 92 88 85
FGDZK 66 99 87 96 66
RSJY 80 56 33 47 42
GGNFLD 97 77 59 50 21
XFSN 99 33 59 49 50
MKGWKD 37 39 31 44 54
FEIJ 74 83 95 92 98
IHBTKID 76 41 41 49 80
JEIPRIY 88 100 45 70 21
AECF 21 70 20 23 100
ORLV 97 40 89 62 71
WTKZTNZ 50 66 48 36 28
CICAQR 70 64 78 52 21
LJGEGU 34 35 66 77 74
QMZJB 91 37 93 52 30
BTHG 58 74 98 64 38
EWD 96 75 82 38 63
PLLNFV 69 64 56 48 87
ZCYCU 46 32 60 42 86
IMRFN 69 93 43 72 52
FMZ 86 98 30 31 62
TQBY 92 22 52 31 65
FTXS 90 44 88 35 46
VKWK 97 67 45 58 82
XLXAC 64 42 25 73 94
ZFB 85 64 47 22 100
CBKLZJI 66 59 85 97 93
SDGXQ 46 64 47 100 69
QHV 37 45 96 26 87
HNFAP 37 75 42 24 21
VSQUVG 73 35 80 90 58
HWI 99 74 76 95 80
OBMIHA 66 22 93 74 97
UFBM 87 39 37 96 55
AVZ 96 48 76 46 69
OKJ 71 56 82 27 37
CZIDTPS 85 25 58 51 100
WLQWM 52 29 74 35 86
HWUOTQ 31 81 36 82 30
FMT 84 95 59 71 40
TATG 32 20 40 87 34
HXKBMY 31 91 48 86 75
GCUYE 95 46 60 48 32
YGY 28 70 58 33 87
SOXZO 36 95 63 73 46
DBZXYH 95 62 99 60 33
PBAAR 60 80 70 75 38
UOFMC 95 97 85 37 40
RPVZMU 97 55 54 75 76
FQXZCYM 23 92 87 50 85
XEBUO 93 38 93 42 99
GEAUFIP 83 85 41 20 77
WVA 58 22 72 47 79
RPI 82 69 40 63 26
BMB 71 69 25 55 35
LJY 34 71 74 64 91
JDA 46 70 30 65 66
MEFCL 25 78 76 56 75
WIP 46 60 100 46 67
JSAZ 44 97 32 92 52
XBFR 60 57 82 36 37
HCMCER 90 36 59 55 34
DLEZ 94 70 57 71 69
XQJYMV 30 74 92 21 95
CTEPL 80 98 97 21 72
XAXKWYM 23 45 61 51 35
BZOHZVG 69 62 94 82 63
VZD 20 32 98 28 52
TFDMXQT 48 91 61 97 29
THV 22 63 80 79 56
VUQ 100 91 51 21 57
NLWRPY 40 27 37 73 91
IKP 31 80 45 76 53
SJKSTG 22 60 79 39 78
IIVOJA 65 37 72 77 82
VTROVHF 98 57 97 91 25
ZZUBP 20 64 49 85 20
GUK 70 90 93 71 66
JTBL 69 27 68 79 71
ZMJVYQO 37 89 63 89 27
ZUVXT 35 61 37 28 48
PCKG 39 25 69 69 63
KWAOTX 40 88 34 41 71
QEGB 92 62 75 80 81
GUNTHIT 51 35 47 50 52
RVHQXIO 61 98 80 30 85
IZKINA 83 42 33 55 55
VVRTL 97 99 25 26 73
GSF 83 49 40 37 94
QBQRB 79 80 72 82 99
KNOJBZG 100 24 34 44 99
VFYR 32 75 29 81 76
SASA 76 32 20 72 21
WIQL 57 84 66 68 90
HTGJK 95 40 70 79 80